Key[1]: [1, 2, 3, 0]
Key[2]: [3, 2, 0, 1]
Key[3]: [1, 3, 0, 2]
Key[4]: [1, 2, 0, 3]
Key[5]: [2, 3, 1, 0]
Key[6]: [2, 0, 3, 1]
Key[7]: [3, 0, 1, 2]
Key[8]: [2, 0, 1, 3]
Key[9]: [1, 3, 2, 0]
Key[10]: [3, 0, 2, 1]
Key[11]: [1, 0, 3, 2]
Key[12]: [1, 0, 2, 3]
Key[13]: [2, 1, 3, 0]
Key[14]: [2, 3, 0, 1]
Key[15]: [3, 1, 0, 2]
Key[16]: [2, 1, 0, 3]
Key[17]: [3, 2, 1, 0]
Key[18]: [0, 2, 3, 1]
Key[19]: [0, 3, 1, 2]
Key[20]: [0, 2, 1, 3]
Key[21]: [3, 1, 2, 0]
Key[22]: [0, 3, 2, 1]
Key[23]: [0, 1, 3, 2]
Key[24]: [0, 1, 2, 3]
