Key[1]: [1, 2, 3, 4, 0]
Key[2]: [4, 2, 3, 0, 1]
Key[3]: [1, 4, 3, 0, 2]
Key[4]: [1, 2, 4, 0, 3]
Key[5]: [1, 2, 3, 0, 4]
Key[6]: [3, 2, 4, 1, 0]
Key[7]: [3, 2, 0, 4, 1]
Key[8]: [3, 4, 0, 1, 2]
Key[9]: [4, 2, 0, 1, 3]
Key[10]: [3, 2, 0, 1, 4]
Key[11]: [1, 3, 4, 2, 0]
Key[12]: [4, 3, 0, 2, 1]
Key[13]: [1, 3, 0, 4, 2]
Key[14]: [1, 4, 0, 2, 3]
Key[15]: [1, 3, 0, 2, 4]
Key[16]: [1, 2, 4, 3, 0]
Key[17]: [4, 2, 0, 3, 1]
Key[18]: [1, 4, 0, 3, 2]
Key[19]: [1, 2, 0, 4, 3]
Key[20]: [1, 2, 0, 3, 4]
Key[21]: [2, 3, 1, 4, 0]
Key[22]: [2, 3, 4, 0, 1]
Key[23]: [4, 3, 1, 0, 2]
Key[24]: [2, 4, 1, 0, 3]
Key[25]: [2, 3, 1, 0, 4]
Key[26]: [2, 4, 3, 1, 0]
Key[27]: [2, 0, 3, 4, 1]
Key[28]: [4, 0, 3, 1, 2]
Key[29]: [2, 0, 4, 1, 3]
Key[30]: [2, 0, 3, 1, 4]
Key[31]: [3, 4, 1, 2, 0]
Key[32]: [3, 0, 4, 2, 1]
Key[33]: [3, 0, 1, 4, 2]
Key[34]: [4, 0, 1, 2, 3]
Key[35]: [3, 0, 1, 2, 4]
Key[36]: [2, 4, 1, 3, 0]
Key[37]: [2, 0, 4, 3, 1]
Key[38]: [4, 0, 1, 3, 2]
Key[39]: [2, 0, 1, 4, 3]
Key[40]: [2, 0, 1, 3, 4]
Key[41]: [1, 3, 2, 4, 0]
Key[42]: [4, 3, 2, 0, 1]
Key[43]: [1, 3, 4, 0, 2]
Key[44]: [1, 4, 2, 0, 3]
Key[45]: [1, 3, 2, 0, 4]
Key[46]: [3, 4, 2, 1, 0]
Key[47]: [3, 0, 2, 4, 1]
Key[48]: [3, 0, 4, 1, 2]
Key[49]: [4, 0, 2, 1, 3]
Key[50]: [3, 0, 2, 1, 4]
Key[51]: [1, 4, 3, 2, 0]
Key[52]: [4, 0, 3, 2, 1]
Key[53]: [1, 0, 3, 4, 2]
Key[54]: [1, 0, 4, 2, 3]
Key[55]: [1, 0, 3, 2, 4]
Key[56]: [1, 4, 2, 3, 0]
Key[57]: [4, 0, 2, 3, 1]
Key[58]: [1, 0, 4, 3, 2]
Key[59]: [1, 0, 2, 4, 3]
Key[60]: [1, 0, 2, 3, 4]
Key[61]: [2, 1, 3, 4, 0]
Key[62]: [2, 4, 3, 0, 1]
Key[63]: [4, 1, 3, 0, 2]
Key[64]: [2, 1, 4, 0, 3]
Key[65]: [2, 1, 3, 0, 4]
Key[66]: [2, 3, 4, 1, 0]
Key[67]: [2, 3, 0, 4, 1]
Key[68]: [4, 3, 0, 1, 2]
Key[69]: [2, 4, 0, 1, 3]
Key[70]: [2, 3, 0, 1, 4]
Key[71]: [3, 1, 4, 2, 0]
Key[72]: [3, 4, 0, 2, 1]
Key[73]: [3, 1, 0, 4, 2]
Key[74]: [4, 1, 0, 2, 3]
Key[75]: [3, 1, 0, 2, 4]
Key[76]: [2, 1, 4, 3, 0]
Key[77]: [2, 4, 0, 3, 1]
Key[78]: [4, 1, 0, 3, 2]
Key[79]: [2, 1, 0, 4, 3]
Key[80]: [2, 1, 0, 3, 4]
Key[81]: [3, 2, 1, 4, 0]
Key[82]: [3, 2, 4, 0, 1]
Key[83]: [3, 4, 1, 0, 2]
Key[84]: [4, 2, 1, 0, 3]
Key[85]: [3, 2, 1, 0, 4]
Key[86]: [4, 2, 3, 1, 0]
Key[87]: [0, 2, 3, 4, 1]
Key[88]: [0, 4, 3, 1, 2]
Key[89]: [0, 2, 4, 1, 3]
Key[90]: [0, 2, 3, 1, 4]
Key[91]: [4, 3, 1, 2, 0]
Key[92]: [0, 3, 4, 2, 1]
Key[93]: [0, 3, 1, 4, 2]
Key[94]: [0, 4, 1, 2, 3]
Key[95]: [0, 3, 1, 2, 4]
Key[96]: [4, 2, 1, 3, 0]
Key[97]: [0, 2, 4, 3, 1]
Key[98]: [0, 4, 1, 3, 2]
Key[99]: [0, 2, 1, 4, 3]
Key[100]: [0, 2, 1, 3, 4]
Key[101]: [3, 1, 2, 4, 0]
Key[102]: [3, 4, 2, 0, 1]
Key[103]: [3, 1, 4, 0, 2]
Key[104]: [4, 1, 2, 0, 3]
Key[105]: [3, 1, 2, 0, 4]
Key[106]: [4, 3, 2, 1, 0]
Key[107]: [0, 3, 2, 4, 1]
Key[108]: [0, 3, 4, 1, 2]
Key[109]: [0, 4, 2, 1, 3]
Key[110]: [0, 3, 2, 1, 4]
Key[111]: [4, 1, 3, 2, 0]
Key[112]: [0, 4, 3, 2, 1]
Key[113]: [0, 1, 3, 4, 2]
Key[114]: [0, 1, 4, 2, 3]
Key[115]: [0, 1, 3, 2, 4]
Key[116]: [4, 1, 2, 3, 0]
Key[117]: [0, 4, 2, 3, 1]
Key[118]: [0, 1, 4, 3, 2]
Key[119]: [0, 1, 2, 4, 3]
Key[120]: [0, 1, 2, 3, 4]
